SherlockHomes:
         PER      0.957     0.979     0.968      1307   
         LOC      0.829     0.791     0.809       110   
         ORG      0.000     0.000     0.000        11   
         PKM      0.605     0.855     0.709       330   
         OBJ      0.726     0.792     0.757       288   
         MISC     0.772     0.377     0.507       342   

         PER      0.953     0.976     0.964      1307
         LOC      0.827     0.782     0.804       110
         ORG      0.000     0.000     0.000        11
         PKM      0.622     0.824     0.709       330
         OBJ      0.732     0.778     0.754       288
         MISC     0.733     0.433     0.544       342

         PER      0.955     0.979     0.967      1307
         LOC      0.829     0.791     0.809       110
         ORG      0.000     0.000     0.000        11
         PKM      0.626     0.845     0.719       330
         OBJ      0.724     0.802     0.761       288
         MISC     0.771     0.404     0.530       342

ElineVere:
         PER      0.976     0.975     0.975      1309
         LOC      0.628     0.831     0.715        59
         ORG      0.000     0.000     0.000         2
         PKM      0.775     0.850     0.811       413
         OBJ      0.753     0.810     0.780       316
         MISC     0.645     0.347     0.451       173

         PER      0.976     0.975     0.975      1309
         LOC      0.667     0.814     0.733        59
         ORG      0.000     0.000     0.000         2
         PKM      0.799     0.835     0.817       413
         OBJ      0.753     0.820     0.785       316
         MISC     0.578     0.387     0.464       173

         PER      0.975     0.972     0.974      1309
         LOC      0.617     0.847     0.714        59
         ORG      0.000     0.000     0.000         2
         PKM      0.800     0.826     0.813       413
         OBJ      0.757     0.810     0.783       316
         MISC     0.593     0.422     0.493       173

DeEllendigen:
         PER      0.922     0.961     0.941      1290
         LOC      0.805     0.652     0.721       253
         ORG      0.000     0.000     0.000        40
         PKM      0.743     0.576     0.649       356
         OBJ      0.673     0.789     0.726       323
         MISC     0.407     0.559     0.471       152

         PER      0.929     0.959     0.944      1290
         LOC      0.760     0.700     0.728       253
         ORG      0.000     0.000     0.000        40
         PKM      0.735     0.576     0.646       356
         OBJ      0.711     0.783     0.745       323
         MISC     0.405     0.572     0.474       152

         PER      0.933     0.957     0.945      1290
         LOC      0.791     0.672     0.726       253
         ORG      0.000     0.000     0.000        40
         PKM      0.745     0.576     0.650       356
         OBJ      0.690     0.780     0.733       323
         MISC     0.397     0.618     0.483       152

MaxHavelaar:
         PER      0.961     0.969     0.965      1374
         LOC      0.591     0.750     0.661       104
         ORG      0.000     0.000     0.000        49
         PKM      0.783     0.659     0.716       355
         OBJ      0.620     0.738     0.674       168
         MISC     0.428     0.523     0.471       176

         PER      0.962     0.970     0.966      1374
         LOC      0.594     0.760     0.667       104
         ORG      0.000     0.000     0.000        49
         PKM      0.795     0.654     0.717       355
         OBJ      0.640     0.750     0.690       168
         MISC     0.435     0.551     0.486       176

         PER      0.961     0.975     0.968      1374
         LOC      0.585     0.760     0.661       104
         ORG      0.000     0.000     0.000        49
         PKM      0.761     0.690     0.724       355
         OBJ      0.640     0.750     0.690       168
         MISC     0.437     0.455     0.446       176

DeUitvreter:
         PER      0.963     0.988     0.975      1790
         LOC      0.781     0.800     0.790       285
         ORG      0.000     0.000     0.000        12
         PKM      0.609     0.878     0.719       172
         OBJ      0.823     0.806     0.814       576
         MISC     0.759     0.492     0.597       301

         PER      0.962     0.988     0.975      1790
         LOC      0.771     0.789     0.780       285
         ORG      0.000     0.000     0.000        12
         PKM      0.649     0.837     0.731       172
         OBJ      0.805     0.800     0.802       576
         MISC     0.741     0.522     0.612       301

         PER      0.960     0.988     0.974      1790
         LOC      0.773     0.789     0.781       285
         ORG      0.000     0.000     0.000        12
         PKM      0.627     0.860     0.725       172
         OBJ      0.823     0.793     0.808       576
         MISC     0.741     0.522     0.612       301

Dichtertje:
         PER      0.945     0.983     0.963      2219
         LOC      0.713     0.771     0.741       376
         ORG      0.000     0.000     0.000        20
         PKM      0.722     0.834     0.774       457
         OBJ      0.737     0.775     0.755       661
         MISC     0.715     0.334     0.456       383

         PER      0.946     0.982     0.964      2219
         LOC      0.745     0.747     0.746       376
         ORG      0.000     0.000     0.000        20
         PKM      0.748     0.838     0.791       457
         OBJ      0.752     0.781     0.766       661
         MISC     0.704     0.441     0.543       383

         PER      0.944     0.983     0.963      2219
         LOC      0.705     0.769     0.735       376
         ORG      0.000     0.000     0.000        20
         PKM      0.742     0.842     0.789       457
         OBJ      0.772     0.755     0.764       661
         MISC     0.680     0.410     0.511       383

Titaantjes:
         PER      0.962     0.983     0.972      1436
         LOC      0.872     0.709     0.782       354
         ORG      0.000     0.000     0.000        15
         PKM      0.806     0.771     0.788       210
         OBJ      0.659     0.883     0.755       317
         MISC     0.664     0.500     0.571       202

         PER      0.967     0.985     0.976      1436
         LOC      0.879     0.718     0.790       354
         ORG      0.000     0.000     0.000        15
         PKM      0.821     0.767     0.793       210
         OBJ      0.674     0.880     0.763       317
         MISC     0.640     0.545     0.588       202

         PER      0.965     0.985     0.975      1436
         LOC      0.872     0.712     0.784       354
         ORG      0.000     0.000     0.000        15
         PKM      0.792     0.762     0.777       210
         OBJ      0.677     0.855     0.756       317
         MISC     0.605     0.530     0.565       202

NescioAll:
         PER      0.952     0.985     0.969      5445
         LOC      0.791     0.650     0.714      1015
         ORG      0.000     0.000     0.000        47
         PKM      0.649     0.868     0.742       839
         OBJ      0.766     0.794     0.780      1554
         MISC     0.587     0.388     0.467       886

         PER      0.952     0.985     0.968      5445
         LOC      0.802     0.627     0.704      1015
         ORG      0.000     0.000     0.000        47
         PKM      0.605     0.867     0.712       839
         OBJ      0.731     0.813     0.770      1554
         MISC     0.582     0.283     0.381       886

         PER      0.954     0.984     0.969      5445
         LOC      0.788     0.649     0.712      1015
         ORG      0.000     0.000     0.000        47
         PKM      0.638     0.869     0.736       839
         OBJ      0.762     0.801     0.781      1554
         MISC     0.582     0.366     0.449       886

AnnaKarenina:
         PER      0.974     0.986     0.980      1455
         LOC      0.706     0.696     0.701        69
         ORG      0.000     0.000     0.000        49
         PKM      0.833     0.846     0.839       435
         OBJ      0.778     0.846     0.811       182
         MISC     0.528     0.564     0.545       133

         PER      0.977     0.984     0.980      1455
         LOC      0.677     0.638     0.657        69
         ORG      0.000     0.000     0.000        49
         PKM      0.823     0.844     0.833       435
         OBJ      0.722     0.857     0.784       182
         MISC     0.546     0.534     0.540       133

         PER      0.976     0.986     0.981      1455
         LOC      0.692     0.652     0.672        69
         ORG      0.000     0.000     0.000        49
         PKM      0.840     0.818     0.829       435
         OBJ      0.756     0.835     0.794       182
         MISC     0.485     0.594     0.534       133

ReisOmDeWereld:
         PER      0.924     0.985     0.954      1099
         LOC      0.704     0.837     0.765       227
         ORG      0.000     0.000     0.000       114
         PKM      0.768     0.709     0.737       309
         OBJ      0.744     0.717     0.730       272
         MISC     0.576     0.673     0.621       196

         PER      0.926     0.984     0.954      1099
         LOC      0.699     0.837     0.762       227
         ORG      0.000     0.000     0.000       114
         PKM      0.740     0.709     0.724       309
         OBJ      0.713     0.721     0.717       272
         MISC     0.577     0.612     0.594       196

         PER      0.924     0.985     0.954      1099
         LOC      0.701     0.815     0.754       227
         ORG      0.000     0.000     0.000       114
         PKM      0.713     0.731     0.722       309
         OBJ      0.704     0.691     0.698       272
         MISC     0.561     0.566     0.563       196
