SherlockHomes:
PER.fic       0.848     0.894     0.870      1005               PER.fic       0.851     0.881     0.866      1005               PER.fic      0.841     0.879     0.859      1005
PER.nfic      0.000     0.000     0.000         5               PER.nfic      0.000     0.000     0.000         5               PER.nfic     0.000     0.000     0.000         5
PER.misc      0.522     0.485     0.503       297               PER.misc      0.507     0.495     0.501       297               PER.misc     0.493     0.475     0.484       297
LOC.heelal    0.000     0.000     0.000         6               LOC.heelal    0.000     0.000     0.000         6               LOC.heelal   0.000     0.000     0.000         6
LOC.water     0.000     0.000     0.000         2               LOC.water     0.000     0.000     0.000         2               LOC.water    0.000     0.000     0.000         2
LOC.bc        0.000     0.000     0.000        20               LOC.bc        0.000     0.000     0.000        20               LOC.bc       0.800     0.200     0.320        20
LOC.land      0.000     0.000     0.000        14               LOC.land      0.000     0.000     0.000        14               LOC.land     0.000     0.000     0.000        14
LOC.regio     0.000     0.000     0.000         4               LOC.regio     0.000     0.000     0.000         4               LOC.regio    0.000     0.000     0.000         4
LOC.lijn      0.000     0.000     0.000        18               LOC.lijn      0.000     0.000     0.000        18               LOC.lijn     0.000     0.000     0.000        18
LOC.punt      0.269     0.304     0.286        46               LOC.punt      0.322     0.413     0.362        46               LOC.punt     0.327     0.348     0.337        46
LOC.fic       0.000     0.000     0.000         0               LOC.fic       0.000     0.000     0.000         0               LOC.fic      0.000     0.000     0.000         0
ORG.gov       0.000     0.000     0.000         7               ORG.gov       0.000     0.000     0.000         7               ORG.gov      0.000     0.000     0.000         7
ORG.com       0.000     0.000     0.000         4               ORG.com       0.000     0.000     0.000         4               ORG.com      0.000     0.000     0.000         4
ORG.misc      0.000     0.000     0.000         0               ORG.misc      0.000     0.000     0.000         0               ORG.misc     0.000     0.000     0.000         0
PKM.in        0.481     0.850     0.614       253               PKM.in        0.516     0.810     0.631       253               PKM.in       0.521     0.787     0.627       253
PKM.uit       0.889     0.727     0.800        77               PKM.uit       0.866     0.753     0.806        77               PKM.uit      0.864     0.740     0.797        77
OBJ           0.658     0.840     0.738       288               OBJ           0.674     0.840     0.748       288               OBJ          0.670     0.833     0.743       288
MISC          0.610     0.219     0.323       342               MISC          0.686     0.351     0.464       342               MISC         0.660     0.368     0.473       342

ElineVere:
PER.fic       0.923     0.767     0.838      1098		        PER.fic       0.915     0.744     0.821      1098		        PER.fic      0.921     0.760     0.833      1098
PER.nfic      0.014     0.045     0.022        22		        PER.nfic      0.007     0.045     0.013        22		        PER.nfic     0.012     0.045     0.019        22
PER.misc      0.389     0.640     0.484       189		        PER.misc      0.433     0.630     0.513       189		        PER.misc     0.397     0.640     0.490       189
LOC.heelal    0.000     0.000     0.000         0		        LOC.heelal    0.000     0.000     0.000         0		        LOC.heelal   0.000     0.000     0.000         0
LOC.water     0.000     0.000     0.000         1		        LOC.wate      0.000     0.000     0.000         1		        LOC.water    0.000     0.000     0.000         1
LOC.bc        1.000     1.000     1.000         1		        LOC.bc        1.000     1.000     1.000         1		        LOC.bc       1.000     1.000     1.000         1
LOC.land      0.000     0.000     0.000         0		        LOC.land      0.000     0.000     0.000         0		        LOC.land     0.000     0.000     0.000         0
LOC.regio     0.000     0.000     0.000         0		        LOC.regio     0.000     0.000     0.000         0		        LOC.regio    0.000     0.000     0.000         0
LOC.lijn      0.000     0.000     0.000         2		        LOC.lijn      0.000     0.000     0.000         2		        LOC.lijn     0.000     0.000     0.000         2
LOC.punt      0.733     0.200     0.314        55		        LOC.punt      0.647     0.200     0.306        55		        LOC.punt     0.600     0.218     0.320        55
LOC.fic       0.000     0.000     0.000         0		        LOC.fic       0.000     0.000     0.000         0		        LOC.fic      0.000     0.000     0.000         0
ORG.gov       0.000     0.000     0.000         0               ORG.gov       0.000     0.000     0.000         0		        ORG.gov      0.000     0.000     0.000         0
ORG.com       0.000     0.000     0.000         1		        ORG.com       0.000     0.000     0.000         1		        ORG.com      0.000     0.000     0.000         1
ORG.misc      0.000     0.000     0.000         1		        ORG.misc      0.000     0.000     0.000         1		        ORG.misc     0.000     0.000     0.000         1
PKM.in        0.752     0.747     0.749       304		        PKM.in        0.744     0.793     0.768       304		        PKM.in       0.798     0.753     0.775       304
PKM.uit       0.860     0.899     0.879       109		        PKM.uit       0.880     0.872     0.876       109		        PKM.uit      0.857     0.881     0.869       109
OBJ           0.642     0.902     0.750       316		        OBJ           0.646     0.889     0.748       316		        OBJ          0.654     0.880     0.750       316
MISC          0.549     0.324     0.407       173		        MISC          0.635     0.312     0.419       173		        MISC         0.589     0.439     0.503       173
        
DeEllendigen:       
PER.fic      0.664     0.867     0.752       581		        PER.fic       0.635     0.916     0.750       581		        PER.fic      0.655     0.905     0.760       581
PER.nfic     0.545     0.136     0.218        88		        PER.nfic      0.750     0.136     0.231        88		        PER.nfic     0.600     0.136     0.222        88
PER.misc     0.752     0.666     0.707       620		        PER.misc      0.796     0.618     0.696       620		        PER.misc     0.778     0.644     0.704       620
LOC.heelal   0.000     0.000     0.000         9		        LOC.heelal    0.000     0.000     0.000         9		        LOC.heelal   0.000     0.000     0.000         9
LOC.water    0.000     0.000     0.000         4		        LOC.water     0.000     0.000     0.000         4		        LOC.water    0.000     0.000     0.000         4
LOC.bc       0.944     0.236     0.378        72		        LOC.bc        0.000     0.000     0.000        72		        LOC.bc       1.000     0.069     0.130        72
LOC.land     0.000     0.000     0.000         8		        LOC.land      0.000     0.000     0.000         8		        LOC.land     0.000     0.000     0.000         8
LOC.regio    0.000     0.000     0.000        15		        LOC.regio     0.000     0.000     0.000        15		        LOC.regio    0.000     0.000     0.000        15
LOC.lijn     0.000     0.000     0.000         2		        LOC.lijn      0.000     0.000     0.000         2		        LOC.lijn     0.000     0.000     0.000         2
LOC.punt     0.338     0.154     0.212       143		        LOC.punt      0.298     0.175     0.220       143		        LOC.punt     0.264     0.133     0.177       143
LOC.fic      0.000     0.000     0.000         0		        LOC.fic       0.000     0.000     0.000         0		        LOC.fic      0.000     0.000     0.000         0
ORG.gov      0.000     0.000     0.000        10		        ORG.gov       0.000     0.000     0.000        10		        ORG.gov      0.000     0.000     0.000        10
ORG.com      0.000     0.000     0.000         3		        ORG.com       0.000     0.000     0.000         3		        ORG.com      0.000     0.000     0.000         3
ORG.misc     0.000     0.000     0.000        27		        ORG.misc      0.000     0.000     0.000        27		        ORG.misc     0.000     0.000     0.000        27
PKM.in       0.735     0.563     0.638       339		        PKM.in        0.770     0.522     0.622       339		        PKM.in       0.725     0.537     0.617       339
PKM.uit      0.667     0.706     0.686        17		        PKM.uit       0.706     0.706     0.706        17		        PKM.uit      0.632     0.706     0.667        17
OBJ          0.555     0.824     0.663       323		        OBJ           0.586     0.814     0.681       323		        OBJ          0.559     0.833     0.669       323
MISC         0.340     0.546     0.419       152		        MISC          0.331     0.651     0.439       152		        MISC         0.320     0.526     0.398       152

MaxHavelaar:
PER.fic      0.586     0.888     0.706       690				PER.fic      0.582     0.886     0.703       690				PER.fic      0.589     0.886     0.708       690
PER.nfic     0.200     0.032     0.056        31				PER.nfic     0.000     0.000     0.000        31				PER.nfic     0.500     0.194     0.279        31
PER.misc     0.786     0.394     0.524       653				PER.misc     0.772     0.398     0.525       653				PER.misc     0.781     0.387     0.518       653
LOC.heelal   0.000     0.000     0.000        14				LOC.heelal   0.000     0.000     0.000        14				LOC.heelal   0.000     0.000     0.000        14
LOC.water    0.000     0.000     0.000        13				LOC.water    0.000     0.000     0.000        13				LOC.water    0.000     0.000     0.000        13
LOC.bc       1.000     0.059     0.111        17				LOC.bc       0.000     0.000     0.000        17				LOC.bc       1.000     0.059     0.111        17
LOC.land     0.000     0.000     0.000         9				LOC.land     0.000     0.000     0.000         9				LOC.land     0.000     0.000     0.000         9
LOC.regio    0.000     0.000     0.000         5				LOC.regio    0.000     0.000     0.000         5				LOC.regio    0.000     0.000     0.000         5
LOC.lijn     0.000     0.000     0.000        11				LOC.lijn     0.000     0.000     0.000        11				LOC.lijn     0.000     0.000     0.000        11
LOC.punt     0.089     0.143     0.110        35				LOC.punt     0.111     0.200     0.143        35				LOC.punt     0.085     0.143     0.106        35
LOC.fic      0.000     0.000     0.000         0				LOC.fic      0.000     0.000     0.000         0				LOC.fic      0.000     0.000     0.000         0
ORG.gov      0.000     0.000     0.000         2				ORG.gov      0.000     0.000     0.000         2				ORG.gov      0.000     0.000     0.000         2
ORG.com      0.000     0.000     0.000        23				ORG.com      0.000     0.000     0.000        23				ORG.com      0.000     0.000     0.000        23
ORG.misc     0.000     0.000     0.000        24				ORG.misc     0.000     0.000     0.000        24				ORG.misc     0.000     0.000     0.000        24
PKM.in       0.714     0.649     0.680       319				PKM.in       0.797     0.530     0.637       319				PKM.in       0.732     0.608     0.664       319
PKM.uit      0.682     0.833     0.750        36				PKM.uit      0.674     0.806     0.734        36				PKM.uit      0.644     0.806     0.716        36
OBJ          0.530     0.786     0.633       168				OBJ          0.525     0.798     0.634       168				OBJ          0.502     0.798     0.616       168
MISC         0.347     0.420     0.380       176				MISC         0.387     0.597     0.470       176				MISC         0.385     0.483     0.428       176

DeUitvreter:
PER.fic      0.512     0.965     0.669       792				PER.fic      0.513     0.967     0.671       792				PER.fic      0.513     0.967     0.670       792
PER.nfic     0.750     0.011     0.022       544				PER.nfic     0.857     0.011     0.022       544				PER.nfic     0.583     0.013     0.025       544
PER.misc     0.854     0.643     0.734       454				PER.misc     0.873     0.650     0.745       454				PER.misc     0.875     0.632     0.734       454
LOC.heelal   0.000     0.000     0.000        44				LOC.heela    0.000     0.000     0.000        44				LOC.heelal   0.000     0.000     0.000        44
LOC.water    0.000     0.000     0.000        15				LOC.water    0.000     0.000     0.000        15				LOC.water    0.000     0.000     0.000        15
LOC.bc       0.000     0.000     0.000        67				LOC.bc       0.000     0.000     0.000        67				LOC.bc       1.000     0.015     0.029        67
LOC.land     0.000     0.000     0.000         5				LOC.land     0.000     0.000     0.000         5				LOC.land     0.000     0.000     0.000         5
LOC.regio    0.000     0.000     0.000        33				LOC.regio    0.000     0.000     0.000        33				LOC.regio    0.000     0.000     0.000        33
LOC.lijn     0.000     0.000     0.000        44				LOC.lijn     0.000     0.000     0.000        44				LOC.lijn     0.000     0.000     0.000        44
LOC.punt     0.157     0.286     0.203        77				LOC.punt     0.189     0.364     0.249        77				LOC.punt     0.144     0.247     0.182        77
LOC.fic      0.000     0.000     0.000         0				LOC.fic      0.000     0.000     0.000         0				LOC.fic      0.000     0.000     0.000         0
ORG.gov      0.000     0.000     0.000         2				ORG.gov      0.000     0.000     0.000         2				ORG.gov      0.000     0.000     0.000         2
ORG.com      0.000     0.000     0.000        10				ORG.com      0.000     0.000     0.000        10				ORG.com      0.000     0.000     0.000        10
ORG.misc     0.000     0.000     0.000         0				ORG.misc     0.000     0.000     0.000         0				ORG.misc     0.000     0.000     0.000         0
PKM.in       0.350     0.882     0.502        85				PKM.in       0.391     0.824     0.530        85				PKM.in       0.570     0.718     0.635        85
PKM.uit      0.919     0.782     0.845        87				PKM.uit      0.899     0.816     0.855        87				PKM.uit      0.910     0.816     0.861        87
OBJ          0.726     0.877     0.794       576				OBJ          0.722     0.872     0.790       576				OBJ          0.725     0.880     0.795       576
MISC         0.520     0.296     0.377       301				MISC         0.551     0.362     0.437       301				MISC         0.568     0.538     0.553       301

Dichtertje:
PER.fic      0.530     0.794     0.636      1048				PER.fic      0.526     0.791     0.632      1048				PER.fic      0.522     0.785     0.627      1048
PER.nfic     0.833     0.037     0.071       809				PER.nfic     0.897     0.032     0.062       809				PER.nfic     1.000     0.016     0.032       809
PER.misc     0.435     0.809     0.566       362				PER.misc     0.429     0.807     0.560       362				PER.misc     0.432     0.829     0.568       362
LOC.heelal   0.000     0.000     0.000        45				LOC.heelal   0.000     0.000     0.000        45				LOC.heelal   0.000     0.000     0.000        45
LOC.water    0.000     0.000     0.000        66				LOC.water    0.000     0.000     0.000        66				LOC.water    0.000     0.000     0.000        66
LOC.bc       0.905     0.422     0.576        45				LOC.bc       0.938     0.333     0.492        45				LOC.bc       0.000     0.000     0.000        45
LOC.land     0.000     0.000     0.000        18				LOC.land     0.000     0.000     0.000        18				LOC.land     0.000     0.000     0.000        18
LOC.regio    0.000     0.000     0.000        43				LOC.regio    0.000     0.000     0.000        43				LOC.regio    0.000     0.000     0.000        43
LOC.lijn     0.000     0.000     0.000        83				LOC.lijn     0.000     0.000     0.000        83				LOC.lijn     0.000     0.000     0.000        83
LOC.punt     0.236     0.575     0.335        73				LOC.punt     0.224     0.562     0.320        73				LOC.punt     0.215     0.603     0.317        73
LOC.fic      0.000     0.000     0.000         3				LOC.fic      0.000     0.000     0.000         3				LOC.fic      0.000     0.000     0.000         3
ORG.gov      0.000     0.000     0.000         4				ORG.gov      0.000     0.000     0.000         4				ORG.gov      0.000     0.000     0.000         4
ORG.com      0.000     0.000     0.000        14				ORG.com      0.000     0.000     0.000        14				ORG.com      0.000     0.000     0.000        14
ORG.misc     0.000     0.000     0.000         2				ORG.misc     0.000     0.000     0.000         2				ORG.misc     0.000     0.000     0.000         2
PKM.in       0.492     0.817     0.614       115				PKM.in       0.489     0.800     0.607       115				PKM.in       0.337     0.887     0.488       115
PKM.uit      0.949     0.711     0.813       342				PKM.uit      0.957     0.713     0.817       342				PKM.uit      0.956     0.696     0.805       342
OBJ          0.698     0.838     0.762       661				OBJ          0.691     0.843     0.759       661				OBJ          0.636     0.861     0.731       661
MISC         0.511     0.533     0.522       383				MISC         0.531     0.535     0.533       383				MISC         0.426     0.204     0.276       383

Titaantjes:
PER.fic      0.868     0.744     0.801      1026				PER.fic      0.841     0.775     0.807      1026				PER.fic      0.853     0.684     0.759      1026
PER.nfic     0.318     0.424     0.364        66				PER.nfic     0.310     0.197     0.241        66				PER.nfic     0.229     0.500     0.314        66
PER.misc     0.526     0.738     0.614       344				PER.misc     0.524     0.709     0.602       344				PER.misc     0.509     0.712     0.594       344
LOC.heelal   0.000     0.000     0.000        69				LOC.heelal   0.000     0.000     0.000        69				LOC.heelal   0.000     0.000     0.000        69
LOC.water    0.000     0.000     0.000        21				LOC.water    0.000     0.000     0.000        21				LOC.water    0.000     0.000     0.000        21
LOC.bc       0.000     0.000     0.000        34				LOC.bc       0.938     0.441     0.600        34				LOC.bc       0.767     0.676     0.719        34
LOC.land     0.000     0.000     0.000         7				LOC.land     0.000     0.000     0.000         7				LOC.land     0.000     0.000     0.000         7
LOC.regio    0.000     0.000     0.000        49				LOC.regio    0.000     0.000     0.000        49				LOC.regio    0.000     0.000     0.000        49
LOC.lijn     0.000     0.000     0.000        73				LOC.lijn     0.000     0.000     0.000        73				LOC.lijn     0.000     0.000     0.000        73
LOC.punt     0.284     0.313     0.298        99				LOC.punt     0.319     0.232     0.269        99				LOC.punt     0.433     0.293     0.349        99
LOC.fic      0.000     0.000     0.000         2				LOC.fic      0.000     0.000     0.000         2				LOC.fic      0.000     0.000     0.000         2
ORG.gov      0.000     0.000     0.000         3				ORG.gov      0.000     0.000     0.000         3				ORG.gov      0.000     0.000     0.000         3
ORG.com      0.000     0.000     0.000         9				ORG.com      0.000     0.000     0.000         9				ORG.com      0.000     0.000     0.000         9
ORG.misc     0.000     0.000     0.000         3				ORG.misc     0.000     0.000     0.000         3				ORG.misc     0.000     0.000     0.000         3
PKM.in       0.589     0.661     0.623       115				PKM.in       0.686     0.626     0.655       115				PKM.in       0.737     0.609     0.667       115
PKM.uit      0.914     0.779     0.841        95				PKM.uit      0.928     0.811     0.865        95				PKM.uit      0.907     0.821     0.862        95
OBJ          0.517     0.921     0.662       317				OBJ          0.509     0.927     0.657       317				OBJ          0.527     0.927     0.672       317
MISC         0.410     0.406     0.408       202				MISC         0.414     0.465     0.438       202				MISC         0.432     0.535     0.478       202

AnnaKarenina:
PER.fic      0.773     0.899     0.831       961				PER.fic      0.755     0.929     0.833       961				PER.fic      0.761     0.913     0.830       961
PER.nfic     0.133     0.222     0.167         9				PER.nfic     0.250     0.111     0.154         9				PER.nfic     0.188     0.333     0.240         9
PER.misc     0.660     0.443     0.530       485				PER.misc     0.695     0.400     0.508       485				PER.misc     0.685     0.412     0.515       485
LOC.heelal   0.000     0.000     0.000         2				LOC.heelal   0.000     0.000     0.000         2				LOC.heelal   0.000     0.000     0.000         2
LOC.water    0.000     0.000     0.000         0				LOC.water    0.000     0.000     0.000         0				LOC.water    0.000     0.000     0.000         0
LOC.bc       0.750     0.857     0.800         7				LOC.bc       0.625     0.714     0.667         7				LOC.bc       0.750     0.429     0.545         7
LOC.land     0.000     0.000     0.000         2				LOC.land     0.000     0.000     0.000         2				LOC.land     0.000     0.000     0.000         2
LOC.regio    0.000     0.000     0.000         3				LOC.regio    0.000     0.000     0.000         3				LOC.regio    0.000     0.000     0.000         3
LOC.lijn     0.000     0.000     0.000         0				LOC.lijn     0.000     0.000     0.000         0				LOC.lijn     0.000     0.000     0.000         0
LOC.punt     0.483     0.255     0.333        55				LOC.punt     0.308     0.073     0.118        55				LOC.punt     0.459     0.309     0.370        55
LOC.fic      0.000     0.000     0.000         0				LOC.fic      0.000     0.000     0.000         0				LOC.fic      0.000     0.000     0.000         0
ORG.gov      0.000     0.000     0.000        10				ORG.gov      0.000     0.000     0.000        10				ORG.gov      0.000     0.000     0.000        10
ORG.com      0.000     0.000     0.000        13				ORG.com      0.000     0.000     0.000        13				ORG.com      0.000     0.000     0.000        13
ORG.misc     0.000     0.000     0.000        26				ORG.misc     0.000     0.000     0.000        26				ORG.misc     0.000     0.000     0.000        26
PKM.in       0.804     0.714     0.756       311				PKM.in       0.712     0.788     0.748       311				PKM.in       0.766     0.759     0.763       311
PKM.uit      0.914     0.862     0.887       123				PKM.uit      0.936     0.837     0.884       123				PKM.uit      0.946     0.854     0.897       123
OBJ          0.625     0.863     0.725       182				OBJ          0.615     0.879     0.724       182				OBJ          0.653     0.879     0.749       182
MISC         0.478     0.662     0.555       133				MISC         0.439     0.406     0.422       133				MISC         0.490     0.579     0.531       133

ReisOmDeWereld:
PER.fic      0.786     0.895     0.837       694				PER.fic      0.787     0.902     0.841       694				PER.fic      0.783     0.892     0.834       694
PER.nfic     0.000     0.000     0.000        17				PER.nfic     0.000     0.000     0.000        17				PER.nfic     0.000     0.000     0.000        17
PER.misc     0.702     0.668     0.684       388				PER.misc     0.690     0.670     0.680       388				PER.misc     0.696     0.662     0.679       388
LOC.heelal   0.000     0.000     0.000        20				LOC.heelal   0.000     0.000     0.000        20				LOC.heelal   0.000     0.000     0.000        20
LOC.water    0.000     0.000     0.000        10				LOC.water    0.000     0.000     0.000        10				LOC.water    0.000     0.000     0.000        10
LOC.bc       1.000     0.044     0.085        68				LOC.bc       0.000     0.000     0.000        68				LOC.bc       1.000     0.015     0.029        68
LOC.land     0.000     0.000     0.000        12				LOC.land     0.000     0.000     0.000        12				LOC.land     0.000     0.000     0.000        12
LOC.regio    0.000     0.000     0.000         3				LOC.regio    0.000     0.000     0.000         3				LOC.regio    0.000     0.000     0.000         3
LOC.lijn     0.000     0.000     0.000        11				LOC.lijn     0.000     0.000     0.000        11				LOC.lijn     0.000     0.000     0.000        11
LOC.punt     0.220     0.348     0.270        89				LOC.punt     0.224     0.382     0.282        89				LOC.punt     0.229     0.393     0.289        89
LOC.fic      0.000     0.000     0.000         0				LOC.fic      0.000     0.000     0.000         0				LOC.fic      0.000     0.000     0.000         0
ORG.gov      0.000     0.000     0.000        10				ORG.gov      0.000     0.000     0.000        10				ORG.gov      0.000     0.000     0.000        10
ORG.com      0.000     0.000     0.000        49				ORG.com      0.000     0.000     0.000        49				ORG.com      0.000     0.000     0.000        49
ORG.misc     0.000     0.000     0.000        55				ORG.misc     0.000     0.000     0.000        55				ORG.misc     0.000     0.000     0.000        55
PKM.in       0.680     0.624     0.651       245				PKM.in       0.634     0.706     0.668       245				PKM.in       0.642     0.673     0.657       245
PKM.uit      0.867     0.812     0.839        64				PKM.uit      0.895     0.797     0.843        64				PKM.uit      0.864     0.797     0.829        64
OBJ          0.606     0.757     0.673       272				OBJ          0.603     0.743     0.666       272				OBJ          0.635     0.743     0.685       272
MISC         0.438     0.643     0.521       196				MISC         0.424     0.495     0.456       196				MISC         0.444     0.612     0.515       196